;AlphaNum
;Copyright (c) 2017 Pierre V
Height=177
Width=557
8=447,4;514,37
9=5,38;55,71
13=466,38;511,38;513,40;513,102;511,104;474,104;472,102;472,72;470,70;466,70;464,68;464,40
20=5,72;63,105
32=140,140;335,173
48=345,4;378,37
49=39,4;72,37
50=73,4;106,37
51=107,4;140,37
52=141,4;174,37
53=175,4;208,37
54=209,4;242,37
55=243,4;276,37
56=277,4;310,37
57=311,4;344,37
65=64,72;97,105
66=216,106;249,139
67=148,106;181,139
68=132,72;165,105
69=124,38;157,71
70=166,72;199,105;pic:;picc1:65535;pictr:0;picbk:0;picdb:1;picrs:0;picfw:0;picfh:0
71=200,72;233,105
72=234,72;267,105
73=294,38;327,71
74=268,72;301,105;pic:;picc1:65535;pictr:0;picbk:0;picdb:1;picrs:0;picfw:0;picfh:0
75=302,72;335,105
76=336,72;369,105
77=284,106;317,139
78=250,106;283,139
79=328,38;361,71
80=362,38;395,71
81=56,38;89,71
82=158,38;191,71
83=98,72;131,105
84=192,38;225,71
85=260,38;293,71
86=182,106;215,139
87=90,38;123,71
88=114,106;147,139
89=226,38;259,71
90=80,106;113,139
91=55,140;96,173
92=379,140;420,173
93=421,140;462,173
160=5,106;45,139
161=420,106;514,139
162=5,140;54,173
163=463,140;514,173
164=97,140;139,173
165=336,140;378,173
186=370,72;403,105
187=413,4;446,37
188=318,106;351,139
189=379,4;412,37
190=352,106;385,139
191=386,106;419,139
192=5,4;38,37
195=520,4;553,37
196=520,72;553,105
203=520,38;553,71
219=396,38;429,71
220=438,72;471,105
221=430,38;463,71
222=404,72;437,105
226=46,106;79,139
